58
1 58 5 1
0 2 6 1
1 59 7 1
4 59 9 1
3 5 10 1 0
4 61 10 2
7 61 10 4
6 62 10 5
9 62 10 7
8 10 10 8
9 11 10 9
10 12 10 10
11 13 9 10
12 14 8 10
13 15 7 9
14 63 7 8
17 63 6 8
16 18 5 8
17 19 5 9
18 65 5 10
21 65 3 10
20 22 2 10
21 64 1 9
24 64 1 7
23 25 1 6
24 26 1 5
25 27 1 4
26 28 1 3 1
27 29 2 3
28 30 3 3
29 31 4 3 32 33
30 60 5 3
30 58 4 2
30 34 4 4
33 35 4 5 2
34 36 4 6
35 37 4 7 39 41
36 38 4 8
37 65 4 9
36 40 3 7
39 64 2 8
36 42 5 7
41 63 6 7
44 60 6 4
43 45 7 5
44 46 7 6
45 47 8 6 48 49
46 62 9 6
46 63 8 7 3
46 50 8 5
49 51 8 4
50 52 8 3 53 54
51 59 8 2
51 61 9 3
51 60 7 3
-1 55 1 1
55 57 3 1
56 58 3 1

8
0 57 4 1 32
2 52 8 1 3
43 54 6 3 31
5 6 10 3 53
8 7 10 6 47
48 15 7 7 16 42
22 23 1 8 40
38 19 4 10 20

2
3
2
1 57 58
3 56 57
1 55 56
1
4
1 24 23
1 25 24
3 26 25
2 27 26
0 28 27

26 32 44 35 

 